1  1306385128.212740873
2  1306385128.410341203
3  1306385128.496063367
4  1306385128.573637285
5  1306385128.650348832
6  1306385128.736399212
7  1306385128.822066757
8  1306385128.906576869
9  1306385128.985534815
10  1306385129.65681445
11  1306385129.162933566
12  1306385129.254545535
13  1306385129.341650933
14  1306385129.424099230
15  1306385129.498220948
16  1306385129.576143826
17  1306385129.652976195
18  1306385129.730167212
19  1306385129.812024357
20  1306385129.908138207
21  1306385129.989604567
22  1306385130.78012605
23  1306385130.166792247
24  1306385130.264806513
25  1306385130.357183925
26  1306385130.437944848
27  1306385130.527889692
28  1306385130.622316817
29  1306385130.711530861
30  1306385130.801156726
31  1306385130.894832769
32  1306385130.982352759
33  1306385131.72594333
34  1306385131.167998033
35  1306385131.255332306
36  1306385131.354314612
37  1306385131.432941814
38  1306385131.512936342
39  1306385131.589760865
40  1306385131.685095429
41  1306385131.784987778
42  1306385131.861508660
43  1306385131.960071303
44  1306385132.46832226
45  1306385132.148672279
46  1306385132.245378897
47  1306385132.331750963
48  1306385132.423299936
49  1306385132.509413536
50  1306385132.593667486
51  1306385132.677759216
52  1306385132.768608030
53  1306385132.865319207
54  1306385132.950974614
55  1306385133.33323635
56  1306385133.126857109
57  1306385133.215027199
58  1306385133.289722428
59  1306385133.376736261
60  1306385133.459199857
61  1306385133.553537788
62  1306385133.629612805
63  1306385133.717087400
64  1306385133.801225612
65  1306385133.886723947
66  1306385133.964462295
67  1306385134.58217489
68  1306385134.166437520
69  1306385134.246672880
70  1306385134.329594066
71  1306385134.414257794
72  1306385134.511718406
73  1306385134.608256148
74  1306385134.690991671
75  1306385134.782261244
76  1306385134.883825051
77  1306385134.975203238
78  1306385135.75773308
79  1306385135.173561729
80  1306385135.265718765
81  1306385135.361089694
82  1306385135.457100634
83  1306385135.549335554
84  1306385135.637057397
85  1306385135.726508223
86  1306385135.798868440
87  1306385135.892361722
88  1306385135.980263014
89  1306385136.68929803
90  1306385136.148900684
91  1306385136.234828086
92  1306385136.313116689
93  1306385136.415149870
94  1306385136.498485453
95  1306385136.585821958
96  1306385136.661513067
97  1306385136.739574782
98  1306385136.812705297
99  1306385136.908935125
100  1306385136.989609025
101  1306385137.73223900
102  1306385137.159154048
103  1306385137.244571934
104  1306385137.337692733
105  1306385137.432060645
106  1306385137.521607219
107  1306385137.613749967
108  1306385137.691266200
109  1306385137.781002898
110  1306385137.858564600
111  1306385137.945281498
112  1306385138.38350215
113  1306385138.122600966
114  1306385138.216253683
115  1306385138.305997911
116  1306385138.387508624
117  1306385138.488287462
118  1306385138.567377033
119  1306385138.643440061
120  1306385138.738160884
121  1306385138.827119632
122  1306385138.908713618
123  1306385139.5377222
124  1306385139.96352808
125  1306385139.183653271
126  1306385139.268158029
127  1306385139.358279401
128  1306385139.440987764
129  1306385139.526417385
130  1306385139.621479287
131  1306385139.707172798
132  1306385139.797296315
133  1306385139.884078492
134  1306385139.948339990
135  1306385140.31355021
136  1306385140.102801929
137  1306385140.184456640
138  1306385140.272544426
139  1306385140.350164692
140  1306385140.428685859
141  1306385140.507334726
142  1306385140.590735895
143  1306385140.670326964
144  1306385140.755161959
145  1306385140.829283040
146  1306385140.907216639
147  1306385140.994638856
148  1306385141.93471668
149  1306385141.173313180
150  1306385141.242320618
151  1306385141.325926181
152  1306385141.421977412
153  1306385141.504365393
154  1306385141.606050445
155  1306385141.689920606
156  1306385141.772578941
157  1306385141.867867245
158  1306385141.941059781
159  1306385142.27162208
160  1306385142.124236578
161  1306385142.215413775
162  1306385142.299552502
163  1306385142.386104314
164  1306385142.477576601
165  1306385142.557468208
166  1306385142.633945189
167  1306385142.715948364
168  1306385142.795263518
169  1306385142.881674662
170  1306385142.965438051
171  1306385143.53572258
172  1306385143.155181044
173  1306385143.246096934
174  1306385143.343945670
175  1306385143.450933127
176  1306385143.535983020
177  1306385143.615223223
178  1306385143.692117036
179  1306385143.775582389
180  1306385143.866859925
181  1306385143.959243635
182  1306385144.38591727
183  1306385144.138833116
184  1306385144.230876808
185  1306385144.319288359
186  1306385144.424652137
187  1306385144.526483257
188  1306385144.608831775
189  1306385144.699884994
190  1306385144.784410573
191  1306385144.877089025
192  1306385144.964677629
193  1306385145.51316875
194  1306385145.130249692
195  1306385145.222038605
196  1306385145.313397596
197  1306385145.412726175
198  1306385145.494609779
199  1306385145.592766926
200  1306385145.686260215
201  1306385145.761974681
202  1306385145.847151506
203  1306385145.924335107
204  1306385146.17545582
205  1306385146.104490895
206  1306385146.180696887
207  1306385146.265648416
208  1306385146.357732948
209  1306385146.441606322
210  1306385146.523059754
211  1306385146.618193620
212  1306385146.691673294
213  1306385146.764752778
214  1306385146.841987459
215  1306385146.922408882
216  1306385147.9092965
217  1306385147.90715563
218  1306385147.162964228
219  1306385147.250661334
220  1306385147.328921797
221  1306385147.421411402
222  1306385147.504725378
223  1306385147.576002509
224  1306385147.657260755
225  1306385147.761651074
226  1306385147.846464203
227  1306385147.934295760
228  1306385148.32055410
229  1306385148.112083105
230  1306385148.191663926
231  1306385148.292413472
232  1306385148.384760890
233  1306385148.478246629
234  1306385148.592261587
235  1306385148.685663649
236  1306385148.766747757
237  1306385148.847858460
238  1306385148.919095908
239  1306385149.1431621
240  1306385149.97040546
241  1306385149.182337826
242  1306385149.256473011
243  1306385149.371843864
244  1306385149.455526284
245  1306385149.541711454
246  1306385149.624286453
247  1306385149.716476393
248  1306385149.810001513
249  1306385149.900959900
250  1306385149.986895023
251  1306385150.77814756
252  1306385150.166761154
253  1306385150.261915703
254  1306385150.353860490
255  1306385150.465968878
256  1306385150.554723760
257  1306385150.648850741
258  1306385150.735774147
259  1306385150.836038364
260  1306385150.921704948
261  1306385151.6367209
262  1306385151.88495302
263  1306385151.176746917
264  1306385151.262992321
265  1306385151.346404933
266  1306385151.423842354
267  1306385151.507800384
268  1306385151.583378423
269  1306385151.679262521
270  1306385151.768691822
271  1306385151.859231796
272  1306385151.943433618
273  1306385152.27601256
274  1306385152.124839441
275  1306385152.218698795
276  1306385152.295338061
277  1306385152.381355539
278  1306385152.455504981
279  1306385152.537322085
280  1306385152.612272852
281  1306385152.701509452
282  1306385152.798030906
283  1306385152.875686030
284  1306385152.959898389
285  1306385153.61217563
286  1306385153.154086057
287  1306385153.234292083
288  1306385153.319172977
289  1306385153.411866954
290  1306385153.487999677
291  1306385153.588701786
292  1306385153.671012802
293  1306385153.764596910
294  1306385153.858909386
295  1306385153.936774822
296  1306385154.30882524
297  1306385154.117990437
298  1306385154.208347671
299  1306385154.295976412
300  1306385154.378487893
